$ANSIBLE_VAULT;1.1;AES256
32323732613566386437663961633066393763343433313634323231663432633361396661363534
3930666661383264376531313035636232356366306435660a323163636439636265643762646438
38393961343433613330386237386331343765353762356432666132663561353134373665306564
6339353763383130640a646363663961303730383463353861343032306338663334383438396163
63336333626434343061646330393235356562613034633232383434336532646231323363353164
62656633363437313030373966316563303261626236393737333063666431343135636163333035
37303966316262333061323134393330623963623439613133396136336432653135356435633066
32356337306261306636643364633932366232383735316263333431336531313137666566343066
30346232363535633039303939366466393930356230653564393038633237306264303833313633
37656336396365316135626139316261353333663763303033356339393135393834333837356337
32653635373038323330616165633063646139323461323465333135356430316131376565373331
37303131316436306661363738343831663962346533633134306537663039326662373633653663
65393733393530396365373636633033373765633431636462386530353036633830633837383663
39373137393733313033306366326264646262646533653333333038636266323431633235373962
33336466383561303839383236326531386439656138663063326135366234383665386433356663
30323932353562616161346138636531313438313234393463313534663434323464646435373261
65336366346439663933313331643636323839666532323930653034636565393837303165623239
35373937616365613231306139663131643631386362623265653833623466393161346230353362
65316164366137633464633064613037663366366438383963343232623035303334366234353833
34666239666530616533643936626266633165633734383332663931313839393736326162636234
31323134613435366364323536376266643433333139376262666138643035383334653533353031
65643163363866313532613033373564313965623238373930396432363731343662326539336364
36623636356338366664336237376461393735636637663461383265336265366430366263383932
63323062386238656364613664313037383434346433346431626364646638343238643434356665
61363139303965636436376539653234376162316663656535313034393861333938653361316665
30633733613965643164653037316562323566363832343438343466646237626665396236373438
34383038396363383365353866346439396464306262353361633033373730333634363732306334
64343039356365616262373536653935613562623037623862306435623831656161346365653630
30613637396664303262656336326232393936643065306339386261623263376564
