$ANSIBLE_VAULT;1.1;AES256
34393466383664396563356563353264323763616666393863353239323761323437356635326130
3835333964653565386432633437646232373635646264640a633232333664633862393038393537
30633436333230626330363164386239343866663337323564623337353030623338303233393834
3535656466356637370a366436393065666630616162393734363531346234316465383566363339
61366337646534623731373764633230336562343731313737353862336533666437316233333465
39313333643630643665366361623130333265663235346532306336383137666364363066666464
65633332653463643561626264653364663732366364396264666661373037343965646130633432
36376138633537383231643264663734343432323838356236373935303732313639613561613030
61653265653831656137396261313666373666376533373761306333303066333062366232343064
32613664663064326538306364323839303533373964306638636263313531363834373864366339
30376431633331326336613136623931663231646531363366626565303038346638393937306361
35383834326466383331316265663035353932353139626535653435613534356361366538623438
33303536616134663339343736366566396563386138653737663031633461613866333233623135
37353837666438653363356365336366373636333135643062343166326236386562343962383564
64653139363239356239616330386437343831366364366165303761313234633663656462386664
64326331336561303633626230373033366231633635303738306130663463356232363936633366
31376333383965376332666463643766356533393961363636363765366165346231643333613736
61333066626430346331636237396337333937323966383234653231633234313439386336373433
32623461306566336364333061653633643039373038316462653535303635316363373639383964
38356463613433373932323333643462663266656264376163343165656365303430393836656237
62346237346530393734316536353139633330366432303566356637666536623333373131616434
37656266373935363565646463633434373130656432343439663063333964356366366262623637
61323663386265373566313632393938623365656263653337643632366562323463353934303139
66613033323662313663366339303763643763306362613065613266646463656265636435333232
3130
